2015001	245
2015002	047
2015003	029
2015004	937
2015005	031
2015006	053
2015007	055
2015008	919
2015009	730
2015010	599
2015011	660
2015012	047
2015013	764
2015014	402
2015015	207
2015016	656
2015017	027
2015018	902
2015019	909
2015020	731
2015021	700
2015022	982
2015023	325
2015024	875
2015025	218
2015026	068
2015027	452
2015028	283
2015029	367
2015030	278
2015031	117
2015032	711
2015033	150
2015034	178
2015035	744
2015036	275
2015037	833
2015038	043
2015039	094
2015040	076
2015041	794
2015042	521
2015043	224
2015044	861
2015045	656
2015046	636
2015047	799
2015048	472
2015049	043
2015050	683
2015051	163
2015052	197
2015053	622
2015054	395
2015055	464
2015056	783
2015057	856
2015058	569
2015059	889
2015060	640
2015061	285
2015062	827
2015063	547
2015064	368
2015065	799
2015066	688
2015067	442
2015068	757
2015069	158
2015070	196
2015071	807
2015072	561
2015073	680
2015074	840
2015075	490
2015076	288
2015077	301
2015078	491
2015079	622
2015080	810
2015081	224
2015082	069
2015083	178
2015084	718
2015085	947
2015086	472
2015087	314
2015088	955
2015089	836
2015090	899
2015091	349
2015092	634
2015093	367
2015094	565
2015095	746
2015096	796
2015097	268
2015098	309
2015099	326
2015100	887
2015101	438
2015102	936
2015103	776
2015104	674
2015105	139
2015106	241
2015107	415
2015108	758
2015109	474
2015110	988
2015111	871
2015112	451
2015113	405
2015114	844
2015115	598
2015116	771
2015117	716
2015118	607
2015119	079
2015120	784
2015121	227
2015122	274
2015123	240
2015124	599
2015125	259
2015126	971
2015127	097
2015128	313
2015129	055
2015130	218
2015131	471
2015132	685
2015133	001
2015134	661
2015135	231
2015136	378
2015137	239
2015138	182
2015139	339
2015140	755
2015141	812
2015142	360
2015143	880
2015144	980
2015145	197
2015146	461
2015147	331
2015148	750
2015149	022
2015150	275
2015151	430
2015152	660
2015153	451
2015154	411
2015155	188
2015156	827
2015157	222
2015158	037
2015159	847
2015160	297
2015161	823
2015162	039
2015163	030
2015164	133
2015165	567
2015166	189
2015167	601
2015168	306
2015169	511
2015170	313
2015171	672
2015172	864
2015173	498
2015174	503
2015175	743
2015176	773
2015177	605
2015178	141
2015179	381
2015180	702
2015181	281
2015182	417
2015183	731
2015184	119
2015185	870
2015186	519
2015187	878
2015188	663
2015189	224
2015190	408
2015191	713
2015192	774
2015193	416
2015194	651
2015195	781
2015196	813
2015197	580
2015198	577
2015199	131
2015200	553
2015201	905
2015202	925
2015203	988
2015204	644
2015205	313
2015206	090
2015207	635
2015208	253
2015209	547
2015210	508
2015211	701
2015212	896
2015213	205
2015214	241
2015215	216
2015216	053
2015217	365
2015218	199
2015219	566
2015220	884
2015221	065
2015222	550
2015223	801
2015224	810
2015225	234
2015226	145
2015227	187
2015228	290
2015229	671
2015230	952
2015231	683
2015232	811
2015233	432
2015234	454
2015235	107
2015236	264
2015237	107
2015238	267
2015239	899
2015240	462
2015241	957
2015242	764
2015243	899
2015244	887
2015245	831
2015246	313
2015247	498
2015248	995
2015249	319
2015250	873
2015251	668
2015252	967
2015253	514
2015254	178
2015255	835
2015256	722
2015257	889
2015258	555
2015259	064
2015260	118
2015261	320
2015262	963
2015263	082
2015264	914
2015265	019
2015266	752
2015267	787
2015268	334
2015269	777
2015270	705
2015271	191
2015272	828
2015273	790
2015274	755
2015275	446
2015276	011
2015277	706
2015278	845
2015279	612
2015280	981
2015281	144
2015282	864
2015283	915
2015284	577
2015285	508
2015286	020
2015287	977
2015288	999
2015289	696
2015290	795
2015291	896
2015292	100
2015293	920
2015294	628
2015295	232
2015296	361
2015297	888
2015298	236
2015299	657
2015300	256
2015301	271
2015302	120
2015303	475
2015304 751
2015305 602
2015306 392
2015307 473
2015308 849
2015309 899
2015310 516
2015310 656
2015312 318
2015313 008
2015314 010
2015315 403
2015316 869
2015317 628
2015318 111
2015319 860
2015320 785
2015320 785
2015321 286
2015322 939
2015323 764
2015324 698
2015325 607
2015326 818
2015327 819
2015328 373
2015329 451
2015330 369
2015331 070
2015332 434
2015333 980
2015334 261
2015335 996
2015336 369
2015337 624
2015338 254
2015339 014
2015340 079
2015341 070
2015342 642
2015343 655
2015344 134
2015345 612
2015346 229
2015347 232
2015348 997
2015349 680
2015350 461
2015351 993
2015352 438
2015353 391
2015354 356
2015355 344
2015356 475
2015357 258
2015358 261
